

""" remove the number of the districts and distances name for the one you choose to use!"""

"""INTRO: LYSAKER TO TANGERUD"""   #22.2

districts1 = ['Lysaker E18/','Skøyen','Frogner', 'Oslo city', 'Old-Oslo', 'Helsfyr', 'Ulven/E6/Ring3', 'Alna' ,'Karihaugen E6/163/159/', 'Tangerud Interchange /E6/163/']

distances1 = [[       0,        2.9,     4.6,         8.1,        10.4,      11.8,          12.6,       16.3,             19.9,                                   22.2],
             [      2.9,         0,      1.7,         5.2,        7.5,       8.9,           9.7,        13.4,             17,                                     19.3],
             [      4.6,        1.7,       0,         3.5,        5.8,       7.2,           8,          12.7,             16.3,                                   18.6],
             [      8.1,        5.2,     3.5,         0,          2.3,       3.7,           4.5,        8.2,              11.8,                                   14.1],
             [      10.4,       7.5,     5.8,        2.3,         0,         1.4,           2.2,        5.9,               9.5,                                   11.8],
             [      11.8,       8.9,     7.2,        3.7,         1.4,       0,             0.8,        4.5,               8.1,                                   10.4],
             [      12.6,       9.7,       8,        4.5,         2.2,       0.8,           0,          3.7,               7.3,                                    9.6],
             [      16.3,       13.4,   12.7,        8.2,         5.9,       4.5,           3.7,          0,               3.6,                                    5.9],
             [      19.9,       17,     16.3,        11.8,        9.5,       8.1,           7.3,        3.6,                 0,                                    2.3],
             [      22.2,       19.3,   18.6,        14.1,        11.8,      10.4,          9.6,        5.9,               2.3,                                     0]]



#FROM LYSAKER TO VULKAN GARAGE
districts2 = ['Lysaker E18/','Skøyen','Frogner', 'Oslo city','Grunerløkka/Vulkan Charging-Garage']

distances2 = [   [0,               2.9,     4.6,        8.1,                    9.7                 ],
                [2.9,              0,      1.7,        5.2,                    8.5                 ],
                [4.6,              1.7,      0,        3.5,                    5.1                 ],
                [8.1,              5.2,    3.5,          0,                    1.6                 ],
                [9.7,              8.5,    5.1,        1.6,                     0                  ]]

# from Fornebu to Stovner: 22.4
districts3 =           ['Fornebu','Lysaker E18/','Ullern', 'Smestad', 'Vinderen', 'Ullevål', 'Storo', 'Sinsen Ring3/4','Bjerke', 'Brobekk', 'Kalbakken', 'Grorud', 'Stovner']
distances3 =           [[     0,      1.5,         4.2,       7.6,        9.3,       11.2,    13.2,        15,           16.7,      17.7,       19,        20.1,      22.4],
                       [    1.5,      0,           2.7,       6.1,        7.8,       9.7,     11.7,      13.5,           15.2,      16.2,       17.5,      18.6,      20.9],
                       [    4.2,     2.7,           0,        3.4,        5.1,        7,       9,         10.8,          12.5,      13.5,       14.8,      15.9,      18.2],
                       [    7.6,     6.1,          3.4,        0,         1.7,        3.6,     5.6,       7.4,           9.1,       10.1,       11.4,      12.5,      14.8],
                       [    9.3,     7.8,          5.1,       1.7,        0,          1.9,     3.9,       5.7,           7.4,       8.4,        9,7,       10.8,      13.1],
                       [    11.2,    9.7,          7,         3.6,        1.9,         0,      2,         3.8,           5.5,       6.5,        7.8,       8.9,       11.2],
                       [    13.2,    11.7,         9,         5.6,        3.9,         2,      0,         1.8,           3.5,       4.5,        5.8,       6.9,        9.2],
                       [    15,      13.5,         10.8,      7.4,        5.7,         3.8,    1.8,         0,           1.7,       2.7,         4,        5.1,        7.4],
                       [    16.7,    15.2,         12.5,      9.1,        7.4,         5.5,    3.5,       1.7,           0,          1,         2.3,       3.4,        5.7],
                       [    17.7,    16.2,         13.5,      10.1,       8.4,         6.5,    4.5,       2.7,           1,          0,         1.3,       2.4,        4.7],
                       [    19,      17.5,         14.8,      11.4,       9.7,         7.8,    5.8,         4,           2.3,        1.3,        0,        1.1,        3.4],
                       [    20.1,    18.6,         15.9,      12.5,       10.8,        8.9,    6.9,       5.1,           3.4,        2.4,       1.1,         0,        2.3],
                       [    22.4,    20.9,         18.2,      14.8,       13.1,        11.2,   9.2,       7.4,           5.7,        4.7,       3.4,       2.3,          0]]


# from Fornebu to søndre nordstrand: 22.5KM
districts4 =          ['Fornebu','Lysaker E18/','Skøyen','Frogner','Oslo City', 'Old Oslo', 'Manglerud', 'Lambertseter','Søndre Nordstrand']
distances4 =          [  [  0,          1.5,         4.4,     6.1,       9.6,        11,          13.7,         16.1,                    22.5],
                        [1.5,            0,         2.9,     4.6,       8.1,        9.5,         12.1,         14.5,                      21],
                        [4.4,           2.9,          0,     1.7,       5.2,        6.6,         9.3,          11.7,                    18.1],
                        [6.1,           4.6,        1.7,      0,        3.5,        4.9,         7.6,          10,                      16.4],
                        [9,6,           8.1,        5.2,     3.5,        0,         1.4,         4.1,          6.5,                     12.9],
                        [11,            9.5,        6.6,     4.9,       1.4,        0,           2.7,          5.1,                     11.5],
                        [13.7,          12.1,       9.3,     7.6,       4.1,        2.7,           0,           2.4,                     8.8],
                        [16.1,          14.5,       11.7,    10,        6.5,        5.1,         2.4,            0,                     6.4],
                        [22.5,          21,         18.1,    16.4,     12.9,        11.5,        8.8,           6.4,                      0]]

# from Ullern to Søndre norstrand  : 23.7KM
districts5  =          ['Ullern','Lysaker E18/','Skøyen','Frogner','Oslo City', 'Old Oslo', 'Manglerud', 'Lambertseter','Søndre Nordstrand']

distances5  =         [[   0,        2.7,        5.6,      7.3,      10.8,       12.2,         14.9,         17.3,                   23.7],
                        [   2.7,          0,        2.9,      4.6,       8.1,        9.5,         12.1,         14.5,                     21],
                        [   5.6,        2.9,          0,      1.7,       5.2,        6.6,         9.3,          11.7,                   18.1],
                        [   7.3,        4.6,        1.7,        0,       3.5,        4.9,         7.6,            10,                   16.4],
                       [   10.8,        8.1,        5.2,      3.5,         0,        1.4,         4.1,           6.5,                   12.9],
                       [   12.2,        9.5,        6.6,      4.9,       1.4,          0,         2.7,           5.1,                   11.5],
                       [   14.9,       12.1,        9.3,      7.6,       4.1,        2.7,           0,           2.4,                    8.8],
                       [   17.3,       14.5,       11.7,       10,       6.5,        5.1,         2.4,             0,                    6.4],
                        [  23.7,         21,       18.1,     16.4,      12.9,       11.5,         8.8,           6.4,                     0]]


# from søndre nordstrand to stovner: 23.6
districts6 = ['Stovner','Smedstua','Holtset','Risløkka','Økern','Ulven /Ring3/E6/', 'Manglerud','Lambertseter','Søndre Nordstrand']
distances6 = [[0,          1.2,      7.2,       8.2,      9.5,          10.7,             13,          15.8,             23.6     ],
             [1.2,           0,        6,         7,      8,3,          9.5,             11.8,         14.6,             22.4     ],
             [7.2,           6,        0,         1,      2.3,          4.8,             7.1,          9.9,              17.7     ],
             [8.2,           7,        1,          0,     1.3,          2.5,             4.8,          7.6,              15.4     ],
             [9,5,         8.3,      2.3,        1.3,       0,          1.2,             3.5,          6.3,              14.1     ],
             [10.7,        9.5,      4.8,        2.5,     1.2,            0,             2.3,          5.1,              12.9     ],
             [13,          11.8,     7.1,        4.8,     3.5,          2.3,               0,          2.8,              10.6     ],
             [15.8,        14.6,     9.9,        7.6,     6.3,          5.1,              2.8,           0,              9        ],
             [23.6,        22.4,     17.7,       15.4,    14.1,         12.9,            10.6,         7.8,                0      ]]





"""Lysaker to Alnabru"""   #18.6km
districts7 = ['Lysaker E18/','Skøyen','Frogner', 'Oslo city', 'Old-Oslo', 'Helsfyr', 'Ulven/E6/Ring3','Alna' ,'Alnabru' ]
distances7 =[[       0,         2.9,     4.6,         8.1,        10.4,      11.8,          12.6,      16.3,     18.6   ],
             [      2.9,          0,     1.7,         5.2,        7.5,       8.9,           9.7,       13.4,     15.7   ],
             [      4.6,        1.7,       0,         3.5,        5.8,       7.2,             8,       12.7,     15     ],
             [      8.1,        5.2,     3.5,          0,         2.3,       3.7,           4.5,        8.2,     10.5   ],
             [      10.4,       7.5,     5.8,         2.3,          0,       1.4,           2.2,        5.9,     8.2    ],
             [      11.8,       8.9,     7.2,         3.7,        1.4,         0,           0.8,        4.5,     6.8    ],
             [      12.6,       9.7,       8,         4.5,        2.2,       0.8,           0,          3.7,     6      ],
             [      16.3,      13.4,    12.7,         8.2,        5.9,       4.5,           3.7,          0,     2.3    ],
             [      18.6,      15.7,      15,        10.5,        8.2,       6.8,             6,        2.3,       0    ]]



"""Tangerud to Fornebu"""
districts = ['Fornebu',  'Lysaker E18/','Skøyen','Frogner', 'Oslo city', 'Old-Oslo', 'Helsfyr', 'Ulven/E6/Ring3', 'Alna' ,'Karihaugen E6/163/159/', 'Tangerud Interchange /E6/163/']

distances = [[   0,          1.5,         4.4,      6.1,        9.6,        11.9,      13.3,          14.1,        17.8,             21.4,                                   23.7],
             [   1.5,            0,        2.9,      4.6,        8.1,        10.4,      11.8,          12.6,        16.3,             19.9,                                   22.2],
             [   4.4,           2.9,         0,      1.7,        5.2,        7.5,       8.9,           9.7,         13.4,             17,                                     19.3],
             [   6.1,           4.6,       1.7,       0,         3.5,        5.8,       7.2,           8,           12.7,             16.3,                                   18.6],
             [   9.6,           8.1,       5.2,      3.5,        0,          2.3,       3.7,           4.5,         8.2,              11.8,                                   14.1],
             [   11.9,          10.4,      7.5,      5.8,        2.3,        0,         1.4,           2.2,         5.9,              9.5,                                    11.8],
             [   13.3,          11.8,      8.9,      7.2,        3.7,        1.4,       0,             0.8,         4.5,              8.1,                                    10.4],
             [   14.1,          12.6,      9.7,       8,         4.5,        2.2,       0.8,           0,           3.7,              7.3,                                     9.6],
             [   17.8,          16.3,      13.4,     12.7,       8.2,        5.9,       4.5,           3.7,           0,              3.6,                                     5.9],
             [   21.4,          19.9,      17,       16.3,       11.8,       9.5,       8.1,           7.3,         3.6,                0,                                     2.3],
             [   23.7,          22.2,      19.3,     18.6,       14.1,       11.8,      10.4,          9.6,         5.9,              2.3,                                      0]]


